4294967294,5
4294967293,131
4294967293,130
4294967293,129
4294967293,128
4294967293,127
4294967293,126
4294967293,125
4294967293,124
4294967293,123
4294967293,122
4294967293,121
4294967293,120
4294967293,119
4294967293,118
4294967293,117
4294967293,116
4294967293,115
4294967293,114
4294967293,113
4294967293,112
4294967293,111
4294967293,110
4294967293,109
4294967293,108
4294967293,107
4294967293,106
4294967293,105
4294967293,104
4294967293,103
4294967293,102
4294967293,101
4294967293,100
4294967293,99
4294967293,98
4294967293,97
4294967293,96
4294967293,95
4294967293,94
4294967293,93
4294967293,92
4294967293,91
4294967293,90
4294967293,89
4294967293,87
4294967293,86
4294967293,85
4294967293,84
4294967293,83
4294967293,82
4294967293,81
4294967293,80
4294967293,79
4294967293,78
4294967293,77
4294967293,76
4294967293,75
4294967293,74
4294967293,73
4294967293,72
4294967293,71
4294967293,70
4294967293,69
4294967293,68
4294967293,67
4294967293,66
4294967293,65
4294967293,64
4294967293,63
4294967293,62
4294967293,61
4294967293,60
4294967293,59
4294967293,58
4294967293,57
4294967293,56
4294967293,55
4294967293,54
4294967293,53
4294967293,52
4294967293,51
4294967293,50
4294967293,49
4294967293,48
4294967293,47
4294967293,46
4294967293,45
4294967293,44
4294967293,43
4294967293,42
4294967293,41
4294967293,40
4294967293,39
4294967293,38
4294967293,37
4294967293,36
4294967293,35
4294967293,34
4294967293,33
4294967293,32
4294967293,31
4294967293,30
4294967293,29
4294967293,28
4294967293,27
4294967293,26
4294967293,25
4294967293,24
4294967293,23
4294967293,22
4294967293,21
4294967293,20
4294967293,19
4294967293,18
4294967293,17
4294967293,16
4294967293,15
4294967293,14
4294967293,13
4294967293,12
4294967293,11
4294967293,10
4294967293,9
4294967293,8
4294967293,7
4294967293,6
4294967293,5
4294967293,4
4294967293,3
4294967278,387
4294967278,411
4294967278,124
4294967278,400
4294967278,123
4294967278,416
4294967278,122
4294967278,121
4294967278,120
4294967278,119
4294967278,118
4294967278,117
4294967278,116
4294967278,115
4294967278,114
4294967278,413
4294967278,113
4294967278,397
4294967278,112
4294967278,111
4294967278,110
4294967278,109
4294967278,108
4294967278,107
4294967278,106
4294967278,105
4294967278,104
4294967278,103
4294967278,392
4294967278,102
4294967278,313
4294967278,101
4294967278,404
4294967278,100
4294967278,390
4294967278,99
4294967278,98
4294967278,323
4294967278,97
4294967278,96
4294967278,304
4294967278,95
4294967278,94
4294967278,93
4294967278,92
4294967278,91
4294967278,90
4294967278,87
4294967278,86
4294967278,384
4294967278,85
4294967278,399
4294967278,84
4294967278,83
4294967278,82
4294967278,81
4294967278,80
4294967278,338
4294967278,79
4294967278,322
4294967278,78
4294967278,389
4294967278,77
4294967278,76
4294967278,75
4294967278,74
4294967278,73
4294967278,72
4294967278,71
4294967278,70
4294967278,69
4294967278,68
4294967278,67
4294967278,319
4294967278,66
4294967278,386
4294967278,65
4294967278,64
4294967278,63
4294967278,62
4294967278,61
4294967278,60
4294967278,59
4294967278,58
4294967278,316
4294967278,57
4294967278,56
4294967278,55
4294967278,54
4294967278,260
4294967278,334
4294967278,53
4294967278,52
4294967278,391
4294967278,51
4294967278,50
4294967278,49
4294967278,48
4294967278,47
4294967278,46
4294967278,45
4294967278,44
4294967278,43
4294967278,332
4294967278,42
4294967278,41
4294967278,40
4294967278,39
4294967278,38
4294967278,37
4294967278,406
4294967278,36
4294967278,35
4294967278,34
4294967278,33
4294967278,32
4294967278,31
4294967278,30
4294967278,29
4294967278,28
4294967278,410
4294967278,27
4294967278,26
4294967278,402
4294967278,25
4294967278,24
4294967278,23
4294967278,22
4294967278,21
4294967278,20
4294967278,19
4294967278,382
4294967278,18
4294967278,412
4294967278,17
4294967278,16
4294967278,267
4294967278,15
4294967278,401
4294967278,13
4294967278,12
4294967278,11
4294967278,10
4294967278,9
4294967278,8
4294967278,7
4294967278,6
4294967278,0
4294967278,408
4294967278,5
4294967279,470
4294967279,499
4294967279,126
4294967279,311
4294967279,310
4294967279,123
4294967279,122
4294967279,308
4294967279,120
4294967279,306
4294967279,119
4294967279,117
4294967279,116
4294967279,114
4294967279,113
4294967279,486
4294967279,233
4294967279,111
4294967279,110
4294967279,276
4294967279,109
4294967279,225
4294967279,107
4294967279,104
4294967279,101
4294967279,469
4294967279,100
4294967279,99
4294967279,476
4294967279,98
4294967279,97
4294967279,455
4294967279,96
4294967279,95
4294967279,94
4294967279,93
4294967279,439
4294967279,420
4294967279,484
4294967279,90
4294967279,468
4294967279,86
4294967279,390
4294967279,85
4294967279,261
4294967279,83
4294967279,82
4294967279,81
4294967279,299
4294967279,418
4294967279,78
4294967279,435
4294967279,76
4294967279,75
4294967279,74
4294967279,416
4294967279,72
4294967279,71
4294967279,70
4294967279,69
4294967279,412
4294967279,503
4294967279,433
4294967279,64
4294967279,459
4294967279,62
4294967279,475
4294967279,467
4294967279,59
4294967279,58
4294967279,481
4294967279,298
4294967279,52
4294967279,50
4294967279,407
4294967279,47
4294967279,46
4294967279,44
4294967279,43
4294967279,300
4294967279,40
4294967279,289
4294967279,38
4294967279,292
4294967279,35
4294967279,34
4294967279,0
4294967279,260
4294967279,405
4294967279,492
4294967279,491
4294967279,28
4294967279,275
4294967279,26
4294967279,23
4294967279,22
4294967279,490
4294967279,20
4294967279,453
4294967279,19
4294967279,487
4294967279,465
4294967279,17
4294967279,16
4294967279,479
4294967279,12
4294967279,11
4294967279,9
4294967279,471
4294967279,8
4294967279,462
4294967279,6
4294967279,92
4294967279,91
4294967278,443
4294967294,38
4294967294,37
4294967294,36
4294967294,39
4294967294,1458
4294967294,1592
4294967278,442
4294967279,87
419,7
419,6
419,5
419,4
419,3
419,2
419,1
4294967279,387
4294967279,80
4294967294,40
4294967279,79
4294967279,68
4294967279,319
4294967279,77
4294967294,1660
4294967279,452
4294967279,73
418,7
418,6
418,5
418,4
418,3
418,2
418,1
4294967279,316
4294967279,67
4294967279,56
4294967294,416
4294967294,413
4294967294,455
4294967279,65
4294967294,1659
4294967294,1454
4294967278,441
4294967279,61
417,7
417,6
417,5
417,4
417,3
417,2
417,1
4294967279,55
4294967279,53
4294967279,165
4294967279,164
4294967278,440
4294967279,49
416,8
416,7
416,6
416,5
416,4
416,3
416,2
416,1
4294967278,439
4294967279,156
4294967279,32
4294967279,315
4294967279,41
4294967278,343
4294967294,1658
4294967294,1647
4294967279,37
415,6
415,5
415,4
415,3
415,2
415,1
4294967279,312
4294967279,31
4294967278,342
4294967279,29
4294967279,25
4294967279,136
414,7
414,6
414,5
414,4
414,3
414,2
414,1
4294967294,1448
4294967294,261
4294967294,402
4294967294,219
4294967294,1591
4294967279,13
413,7
413,6
413,5
413,4
4294967279,264
413,3
413,2
413,1
4294967279,5
4294967279,286
4294967278,295
4294967279,258
412,6
412,5
412,4
412,3
412,2
412,1
411,7
411,6
411,5
411,4
411,3
411,2
411,1
410,5
410,4
410,3
410,2
410,1
4294967279,295
4294967294,1438
4294967279,211
409,13
409,12
409,11
409,10
409,9
409,8
409,7
4294967294,1633
4294967294,1431
409,6
409,5
4294967294,1453
409,4
4294967278,200
409,3
409,2
409,1
4294967294,1609
4294967279,294
4294967279,201
4294967294,1657
4294967294,1656
4294967294,1655
4294967294,1651
4294967294,53
4294967294,1606
4294967294,1590
4294967294,166
4294967294,1589
4294967294,396
4294967294,179
4294967294,407
4294967294,599
4294967294,408
4294967294,180
4294967294,401
4294967294,118
4294967294,448
4294967294,391
4294967294,1444
4294967294,1608
4294967294,1605
408,41
408,40
408,39
408,38
408,37
408,36
408,35
408,34
408,33
408,32
408,31
408,30
408,29
408,28
408,27
4294967279,184
408,26
408,25
408,24
408,23
408,22
408,21
408,20
408,19
408,18
408,17
4294967279,179
408,16
408,15
4294967279,178
408,14
408,13
4294967279,177
408,12
408,11
408,10
408,9
408,8
408,7
408,6
408,5
4294967279,172
408,4
408,3
408,2
408,1
4294967278,89
4294967278,376
4294967279,103
4294967279,66
4294967279,60
4294967279,57
4294967279,54
4294967279,48
4294967279,42
4294967279,33
4294967278,438
4294967278,347
4294967294,1654
4294967294,1588
4294967279,444
4294967278,359
4294967279,162
407,6
407,5
407,4
407,3
407,2
407,1
4294967279,448
4294967294,1604
4294967278,374
4294967279,150
406,13
406,12
406,11
406,10
406,9
406,8
4294967279,146
406,7
406,6
406,5
406,4
406,3
406,2
406,1
4294967279,30
4294967278,372
4294967279,139
4294967294,389
4294967294,1439
4294967294,1587
4294967294,1603
4294967278,437
405,13
405,12
405,11
405,10
405,9
405,8
405,7
405,6
405,5
405,4
405,3
405,2
405,1
4294967279,268
4294967279,265
404,4
404,3
404,2
404,1
4294967278,436
4294967278,356
4294967278,256
4294967278,435
264,4
403,5
403,4
403,3
403,2
403,1
4294967278,434
4294967279,248
4294967279,247
402,5
402,4
402,3
402,2
402,1
4294967278,433
4294967294,1586
4294967294,272
4294967279,106
4294967279,223
4294967278,221
401,6
401,5
401,4
401,3
401,2
401,1
400,5
400,4
400,3
400,2
400,1
4294967279,89
4294967279,199
4294967294,1653
4294967294,1652
4294967294,1631
4294967294,1435
4294967279,84
399,7
399,6
399,5
399,4
399,3
399,2
399,1
4294967278,432
4294967278,431
4294967278,350
4294967279,182
398,6
398,5
4294967279,181
398,4
398,3
398,2
398,1
4294967279,180
4294967294,1629
4294967278,430
4294967278,429
4294967279,63
4294967278,361
4294967279,176
4294967294,1585
4294967279,175
4294967279,173
4294967278,171
4294967278,428
397,10
397,9
4294967278,167
397,8
4294967279,168
397,7
397,6
4294967279,167
397,5
397,4
397,3
397,2
397,1
4294967279,282
4294967294,439
4294967278,345
4294967279,161
4294967279,160
4294967279,159
4294967279,45
396,5
396,4
396,3
396,2
396,1
4294967294,1459
4294967294,1433
4294967279,450
4294967278,373
4294967279,39
4294967278,427
4294967278,149
4294967279,149
4294967279,36
4294967279,148
4294967279,397
4294967278,369
395,7
395,6
4294967279,143
395,5
395,4
395,3
395,2
395,1
4294967279,27
4294967279,137
4294967294,1644
4294967294,1441
4294967279,24
4294967278,272
394,8
394,7
394,6
394,5
394,4
394,3
394,2
394,1
4294967294,173
4294967294,162
4294967294,262
4294967279,267
4294967279,441
4294967278,264
4294967279,266
4294967278,263
254,4
4294967278,261
393,4
393,3
393,2
393,1
4294967278,357
4294967278,291
4294967279,255
392,7
392,6
392,5
4294967278,254
392,4
4294967279,254
392,3
392,2
392,1
4294967278,253
4294967278,246
4294967279,246
4294967278,245
4294967279,277
4294967278,232
4294967279,237
391,6
4294967278,236
391,5
4294967279,236
391,4
4294967278,234
391,3
391,2
391,1
4294967279,234
4294967278,231
4294967278,227
4294967279,226
4294967278,224
4294967279,224
4294967278,223
4294967279,214
390,4
4294967279,280
390,3
390,2
390,1
4294967278,213
4294967278,209
4294967279,210
4294967278,208
4294967279,209
389,6
4294967278,203
389,5
4294967279,204
389,4
4294967278,202
389,3
389,2
389,1
4294967279,203
4294967278,132
4294967278,131
4294967278,130
4294967278,129
4294967278,128
4294967278,127
4294967278,249
4294967278,362
4294967278,367
4294967278,88
4294967278,284
4294967278,14
4294967278,366
4294967279,132
4294967279,131
4294967279,130
4294967279,129
4294967279,128
4294967279,127
4294967279,121
4294967279,118
4294967279,115
4294967279,105
4294967279,283
4294967279,51
4294967279,442
4294967279,18
4294967279,15
4294967279,14
4294967279,88
4294967279,4
4294967278,426
4294967294,1584
4294967294,1601
4294967294,0
4294967278,355
4294967294,1442
4294967278,364
388,11
388,10
388,9
4294967279,192
388,8
4294967278,190
388,7
4294967279,191
388,6
388,5
4294967279,190
388,4
4294967278,188
388,3
388,2
388,1
4294967278,425
4294967279,189
4294967278,363
4294967278,183
4294967279,447
4294967278,178
387,8
387,7
4294967278,177
387,6
387,5
4294967278,176
387,4
387,3
387,2
387,1
4294967278,360
4294967279,446
4294967278,424
4294967278,170
4294967279,171
4294967279,170
4294967279,169
4294967279,511
4294967279,2
4294967279,163
4294967279,166
386,7
386,6
386,5
386,4
386,3
386,2
386,1
4294967279,443
4294967294,1449
4294967278,157
4294967279,158
4294967278,344
4294967279,510
